1701
0.03177108
0.00575443
0.00031006
0.00118666
0.00008342
-0.00009594
0.00131823
0.00166302
0.00117049
0.00119181
-0.00093480
0.00070571
0.00003195
-0.00029378
0.00050516
0.00050571
0.00035408
0.00011671
0.00041689
0.00047087
0.00042714
-0.00045353
-0.00027488
0.00000764
-0.00070253
0.00008651
0.00060586
0.00009249
0.00001886
0.00002510
0.00029258
0.00008062
-0.00064434
-0.00000431
-0.00007795
-0.00059912
0.00055920
0.00005910
0.00122376
0.00077498
0.00083328
-0.00015611
-0.00017231
-0.00014568
-0.00038445
-0.00022262
-0.00029302
0.00086154
0.00035782
0.00082296
0.00190923
-0.00017841
-0.00008879
0.00012336
0.00068179
-0.00051060
0.00022141
-0.00004531
-0.00029165
-0.00037520
-0.00018013
-0.00102089
-0.00012754
0.00010323
-0.00014521
0.00076344
0.00049426
0.00077828
0.00063974
0.00036761
0.00002528
0.00004965
-0.00037181
-0.00008969
-0.00031758
0.00019083
0.00078096
0.00059487
0.00048639
0.00072400
0.00030748
-0.00115971
0.00024399
0.00081243
0.00026195
-0.00028972
0.00001982
-0.00060992
-0.00059085
-0.00047073
-0.00047119
0.00068992
0.00003177
-0.00052153
-0.00020156
-0.00022551
-0.00022348
-0.00009832
0.00018501
